4.430082
5
4.721302
4.631202
4.521109
4.509635
4.463662
4.407640
4.509831
4.504700
4.591564
4.689044
4.821199
4.539573
4.744149
4.915802
4.444133
3.826953
4.484719
4.471101
4.672909
4.403827
4.464639
4.473322
4.533000
4.544360
4.621080
4.552529
4.470869
4.304986
4.573641
4.404505
4.639627
4.564349
4.872736
4.684175
4.481196
4.475745
4.582892
4.742477
4.477562
4.875563
4.683379
4.542228
4.661721
4.580506
4.479985
4.582846
4.457542
4.576868
4.689062
4.771732
4.695725
4.578226
4.659947
4.482206
4.578484
4.483014
4.691082
5
4.525466
4.489475
4.575859
4.787763
4.494119
4.692899
4.470091
4.755602
4.552840
4.751971
4.482580
5
4.692697
4.485033
4.783320
4.577272
4.693504
4.491696
4.691456
4.796164
4.830315
4.467805
4.678922
4.483994
4.486850
4.490859
4.482955
4.583531
2.182907
4.695928
4.488667
4.468476
4.486821
4.827119
4.469284
3.537559
4.890046
4.767773
4.581310
4.907024
4.684014
4.345712
4.347126
4.490889
4.697947
4.471101
4.556422
4.699562
4.791397
4.594356
4.961188
4.487426
4.492302
4.492302
4.492302
4.492302
4.490485
4.490657
4.492908
4.491061
4.791195
4.493715
4.493311
4.583531
4.491465
4.491465
4.491465
4.636381
4.584137
4.500379
4.700744
4.590800
4.637908
4.656184
4.495503
4.502398
4.690274
4.586762
3.334325
4.442191
4.502600
4.503004
4.497148
4.705418
4.493252
4.498965
4.587772
4.497754
4.587772
4.504013
4.588377
4.504215
4.498764
4.568590
4.588983
4.589185
4.797051
4.589185
4.601624
4.938273
4.762438
4.497522
4.499571
4.506032
4.499773
4.796415
4.680819
4.590800
4.559855
4.778677
4.418024
4.709254
4.500581
4.715514
4.715514
4.709658
4.767112
4.505195
4.502196
4.500379
4.502398
3.916724
4.521266
4.710668
4.502600
4.791380
4.887073
4.696332
4.593021
4.593021
4.503407
4.507214
4.503206
4.651892
4.593627
4.503407
4.677853
4.717065
4.561049
4.593829
4.801695
4.503609
4.638169
4.846035
4.711677
4.606269
4.504013
4.772776
4.802099
4.649360
4.502802
4.502166
4.771153
4.684857
4.504821
4.504821
4.595041
4.504821
4.802099
4.505225
4.505023
4.505225
4.485033
4.505225
4.445018
4.595646
4.693303
4.798653
4.596050
4.506032
4.575859
4.506032
4.506234
4.565306
4.506436
4.714302
4.790388
4.597060
4.965487
4.506638
4.506032
3.870567
4.507042
4.507042
4.755013
4.507446
4.597464
4.507244
4.597464
4.597464
4.507446
4.506436
4.504387
4.505397
4.505397
4.505397
4.507446
4.695120
4.493311
4.505599
4.507850
4.716119
4.716119
4.716119
4.716119
4.508254
4.506205
4.505599
4.506638
4.508657
4.508657
4.508657
4.680962
4.507214
4.509061
4.696735
4.716119
4.507214
3.231129
4.507214
4.507214
4.507214
4.507214
4.507214
4.507214
4.507214
4.507214
4.591731
4.508657
4.597464
4.507214
4.798468
4.496139
4.682960
4.683162
4.494493
4.704812
4.591814
4.581714
4.716119
4.699966
4.493311
4.999869
4.499975
4.501388
4.710062
4.704408
4.576361
4.499167
4.096992
4.595849
4.499773
4.499975
4.608692
4.339727
4.500782
4.591406
4.501388
4.505397
4.592012
4.890501
4.592820
4.593224
4.562479
4.428562
4.594233
4.504013
4.711879
4.504215
4.504619
4.504619
4.502570
4.504619
4.504619
4.502772
4.504821
4.713090
4.686068
4.505830
4.506234
4.506638
4.506638
4.597464
4.597666
4.507850
4.508051
4.716119
4.716119
4.716119
4.508254
4.716119
4.508657
4.598877
4.508657
4.508657
4.507214
4.507214
4.612757
4.723303
5
4.686637
4.590779
4.708734
4.714360
4.801437
4.759611
4.758305
4.478744
2.982674
4.612738
4.213544
5
4.043432
4.701666
4.358924
4.767276
3.405510
4.965798
4.636396
4.815596
4.539691
4.553850
4.672101
3.951288
4.868367
4.474735
4.467200
4.819613
4.771407
4.733672
4.577881
4.687851
4.698132
4.699562
5
4.888579
4.959026
4.578685
4.548143
4.701968
4.697341
4.670924
4.490283
4.490889
4.491696
4.492908
3.925609
4.708447
4.495129
4.587368
4.496139
4.677790
4.557633
4.557432
4.704379
4.706196
4.506638
4.500985
4.591810
4.501994
4.503407
4.503609
4.660611
4.504215
4.504417
4.502772
4.605835
4.505830
4.711445
4.713090
4.506638
4.506840
4.597262
4.505599
4.506840
4.579995
4.506032
4.716119
4.507244
4.716119
4.507012
4.716119
4.507214
4.507214
4.507214
4.507214
3.343239
4.507214
4.507214
4.507214
4.582492
4.348943
4.791801
4.882223
4.496512
4.605948
4.502398
4.685893
5
4.806022
4.597769
4.582727
4.759090
4.720464
4.694312
4.872501
4.487254
4.697745
4.704004
4.585349
4.652707
4.953043
4.953043
4.498965
4.771554
4.799878
4.665975
4.661621
4.803916
4.711648
4.507214
4.806664
4.503811
4.762273
0
4.367196
4.454157
5
4.581479
5
2.073242
4.402823
3.549110
4.554327
4.656868
4.503780
4.638940
3.373026
4.861174
3.576805
4.494985
4.545369
4.426418
4.215738
4.645948
5
4.819958
5
1.949780
4.899904
4.885806
4.565023
4.444620
4.902333
4.467870
4.784452
4.659583
4.937251
4.701258
5
4.874416
5
4.956647
4.795541
4.953342
4.482408
4.486446
4.733668
4.694716
4.700949
4.506930
4.993794
3.400955
4.745851
4.776519
4.581109
4.491696
4.561124
4.572317
4.795435
4.492908
4.691860
3.159337
4.472081
4.466702
4.592538
4.919899
4.495331
5
4.695494
5
4.407322
4.774038
4.689016
4.498965
4.813723
4.868864
4.491868
5
4.763447
4.492676
4.812317
4.478744
4.921112
4.495331
4.702359
4.919472
4.480359
4.686996
4.502600
5
4.502802
4.484831
4.745881
4.705014
4.497350
4.478168
4.676903
4.646843
4.727695
4.705418
4.503811
4.485033
4.495907
4.814538
4.868595
4.504619
4.557835
3.301365
4.713074
4.750107
4.822377
4.603240
4.500985
4.486215
4.501994
4.716119
4.374337
4.488667
4.605663
4.419841
4.939313
3.429016
4.547912
4.785034
4.505427
4.505023
4.484831
4.564701
4.506032
4.506436
4.714706
4.965487
4.486649
4.597060
4.714706
4.507042
4.507446
4.505397
4.505801
4.507850
4.506205
4.374943
4.486821
4.507214
4.878790
4.490687
5
4.624407
4.805114
4.499571
4.570707
4.764876
4.883232
4.498936
4.658188
4.658390
4.496744
4.495936
4.712283
4.655159
4.599285
4.712064
4.765873
4.715312
4.629276
4.502398
4.561672
4.503609
4.504417
4.717112
4.563691
4.500177
4.595646
4.505629
4.507042
4.507042
4.597464
4.597464
4.715917
4.508254
4.508455
4.508657
4.508657
4.572295
4.819624
4.657676
4.824054
3.816011
4.429304
4.931885
4.865980
2.003365
1.846888
4.644439
4.449697
4.300684
4.769077
5
4.538884
3.688705
4.676140
4.889613
4.467870
4.162779
4.565763
4.944008
4.718247
5
4.577394
4.790897
4.514779
4.793320
4.949708
4.920131
4.658094
4.581314
4.948180
4.903141
4.484225
4.483014
4.764641
4.890505
3.305653
4.782109
4.691485
4.698535
4.485235
3.870980
4.661828
4.707824
4.703584
4.756410
3.343643
4.794409
4.684429
4.459161
5
4.492908
4.701581
4.901152
4.791689
4.495331
4.774234
4.586560
4.559416
4.497552
4.497552
4.481196
4.698132
4.349750
4.501388
4.583856
4.501590
4.709860
4.779686
4.709860
4.710062
4.710264
4.716119
4.502196
4.592820
4.502600
4.505023
4.801089
5
4.503206
4.503407
4.781301
4.696287
4.713293
4.504417
4.884768
4.505629
4.504619
4.484427
4.504821
4.595243
4.607278
4.607884
4.691658
4.505225
4.505629
4.596656
4.911853
4.608692
4.504590
4.716119
4.716119
4.716119
4.695120
4.505195
4.508657
4.498764
4.507012
4.507214
4.507214
5
4.507214
4.644832
5
4.705401
4.792003
4.915084
4.494897
4.608692
4.714285
4.503206
4.507012
4.507214
4.690863
5
4.699545
4.595445
4.504791
4.803310
4.598473
4.504619
4.507214
4.506032
4.716119
4.898886
4.506638
4.474240
4.557349
4.366919
4.445457
4.686781
4.471879
4.460601
4.559911
4.471505
4.356410
4.490485
4.490455
5
4.652938
4.691082
4.505830
4.716119
4.716119
4.482004
4.541099
4.876288
4.404587
4.624729
4.263674
4.255186
4.482610
4.099384
4.921978
4.502733
4.764665
4.675736
4.634711
4.489677
4.578685
4.490687
4.796849
4.796849
4.656169
4.483620
4.504821
4.668467
4.872127
4.773921
3.436858
4.606401
4.417757
4.372506
4.387811
4.967015
3.225925
4.300370
4.742899
4.205364
4.789074
4.485350
4.097160
3.260971
4.492224
4.773799
4.606433
5
5
4.733974
4.505482
4.809519
4.425413
4.386617
4.946591
4.618765
4.810516
4.419208
4.777604
4.877480
4.795735
5
4.311595
4.421675
4.792960
4.663217
4.825606
4.766723
4.660979
4.713152
4.832942
5
4.749802
5
4.739054
4.751902
4.453130
4.777816
5
5
4.807519
4.718022
4.529620
4.946949
4.662581
4.983539
4.668467
3.893937
4.646349
4.066111
4.801662
5
3.453568
4.795082
5
5
4.678142
4.370208
4.907788
4.540420
4.653727
4.452717
5
4.749987
4.994457
4.448284
4.758607
4.662927
3.671715
4.959872
4.752208
4.754528
5
4.920117
4.838810
4.684960
4.780073
5
5
4.865803
4.899334
4.873287
4.660592
4.820576
5
4.774017
5
5
4.459794
4.875306
4.820421
4.543118
4.664227
4.682256
4.746988
4.966102
5
4.500244
4.457976
4.979846
4.591675
4.795119
5
4.849076
4.549609
4.550215
4.795142
4.557552
4.457946
4.882114
4.457946
4.262086
4.572022
4.669477
5
5
4.731574
4.938010
4.792647
4.486042
4.796017
4.883383
4.992249
4.804426
5
4.864707
5
4.889064
4.676930
4.464437
4.672505
5
3.500862
4.465245
4.402989
4.465649
5
4.858985
4.673919
4.466456
4.796227
4.987942
4.836355
4.482033
4.589712
5
4.566895
4.578281
4.786349
4.687215
4.676140
4.469081
3.759160
4.592134
4.697745
5
4.465649
4.468042
4.470091
4.768379
4.787868
4.509757
4.677957
4.946178
4.490051
4.574568
4.841980
3.652009
3.418921
5
4.576183
4.479985
4.630728
4.681995
4.702995
4.493484
4.702995
4.747526
4.780494
4.548698
4.689449
4.705014
4.497754
4.728724
4.386579
4.706831
4.704984
4.899536
4.499571
4.785842
4.694484
4.710823
4.506234
4.500177
4.500379
3.446179
4.714285
4.502600
4.663655
4.479724
4.801089
4.593425
4.151986
4.483014
4.801291
4.595243
4.697526
4.595445
4.713293
4.911853
4.485639
4.524497
4.711849
4.504387
4.506638
4.772160
4.714908
4.716119
4.508859
4.579695
4.497754
4.773323
4.501994
4.602028
4.505225
4.764688
4.501186
4.501792
4.594233
4.596050
4.506436
4.903719
4.211370
3.897730
3.675641
4.218381
4.190921
4.851819
3.567561
4.471265
4.422640
4.322137
4.573991
4.467466
4.332853
4.159751
4.169969
4.485033
4.442076
4.464279
4.699343
4.784936
4.673347
4.708383
4.583502
4.496542
4.384155
4.569777
4.241468
4.688495
3.329075
4.573643
4.353476
4.338515
4.649267
4.803899
4.712842
4.098174
4.605140
4.505427
4.505195
4.679729
4.508657
4.508657
4.509465
4.507214
4.787359
4.487426
4.786521
3.081176
5
4.933872
4.859696
4.605582
5
4.869116
4.993313
4.643786
5
4.468042
4.584930
4.701842
4.611794
3.723050
4.482753
4.691889
4.390188
4.693504
4.487456
4.755977
4.680272
4.503004
4.484629
4.504821
4.486649
4.507042
4.507244
4.716119
4.449264
4.769983
4.488840
4.210196
4.497954
4.420629
4.647854
4.430515
4.550712
4.630137
4.456361
4.748574
4.459995
4.062294
5
4.680985
4.628477
4.970528
4.421397
4.353060
4.680985
4.854295
4.709386
4.698707
4.453736
4.673076
4.683409
4.456361
4.663621
4.717280
4.476552
4.896276
4.669043
4.878794
4.870108
4.671825
4.709259
4.481369
4.781099
4.664665
4.772827
4.158220
4.665603
4.691889
4.685411
4.462995
4.788554
4.612910
5
4.488466
4.491435
4.571943
4.701178
4.590195
4.781137
4.586560
4.481399
4.361212
4.811929
4.475139
4.772589
4.495503
4.795839
4.797051
4.500581
4.713293
4.389001
4.578080
4.682434
4.578281
4.502600
4.710869
4.489677
4.504215
4.594435
4.504215
4.503609
4.504417
5
4.503811
4.490485
4.482782
4.596050
4.648294
4.506234
4.597464
4.597464
4.713263
4.507648
4.507850
4.716119
4.716119
4.646851
4.582724
4.496946
4.498561
4.588983
4.797657
4.803714
4.500985
4.502196
4.629699
4.503004
4.504417
4.713494
4.803714
4.595849
4.714908
4.505397
4.850285
4.716119
4.508254
4.506205
4.508657
4.507214
4.451919
4.550215
4.437351
4.456735
4.542144
4.679152
4.941953
4.878247
4.466225
4.169410
4.459794
4.382899
4.784132
4.477966
4.457774
4.366589
4.539721
4.665078
4.480995
4.481196
4.671937
5
4.470495
4.558868
4.698956
4.697311
5
4.559676
4.559676
4.485437
4.697311
4.486850
4.472686
4.644862
4.701160
4.679324
4.797660
4.709035
4.490687
4.490889
4.413266
4.694271
4.925194
4.591903
4.491898
4.588579
4.706629
4.583330
4.584339
4.494725
4.494927
4.997955
4.675569
4.090703
4.589674
4.495936
4.786270
4.598798
4.705014
4.841622
4.497350
4.497956
4.600817
4.606673
4.594435
4.327741
4.327741
4.327741
4.327741
4.484427
4.327943
4.706629
4.782317
4.656371
4.497522
4.603442
4.275074
4.501186
4.789378
4.799474
4.604856
4.716119
4.753179
4.592618
4.502398
4.502398
4.710869
4.767919
4.583333
4.503004
4.710869
4.711273
4.503609
4.503407
4.770547
4.503609
4.801897
4.504013
4.489677
4.489677
4.504215
4.594435
4.504417
4.504417
4.502772
4.504821
4.505225
4.713090
4.505629
4.713494
4.782715
4.785842
4.596252
4.505225
4.506436
4.714706
4.714908
4.597464
4.597262
4.395665
4.505195
4.597464
4.694918
4.508657
4.716119
4.716119
4.508254
4.716119
4.716119
4.508657
4.397280
4.489071
4.808345
4.509263
4.507214
4.507214
4.507214
4.507214
4.507214
4.507214
4.794224
4.603038
4.493110
4.701379
4.494119
4.709860
4.710869
4.726103
4.501186
4.504013
4.503206
4.505225
4.504821
4.502772
4.716119
4.716119
4.769983
4.449264
4.488840
4.158220
4.811929
4.542144
4.210196
4.539721
4.671937
4.709259
4.497954
4.665603
4.420629
4.612910
4.644862
4.701160
4.490889
4.589674
4.497956
4.327741
4.604856
4.505225
4.714908
4.597464
4.508657
4.397280
4.647854
4.629699
4.430515
4.550712
4.850285
4.630137
4.451919
4.550215
4.456361
4.748574
4.437351
4.456735
4.459995
4.062294
4.679152
4.941953
4.878247
5
4.680985
4.628477
4.466225
4.970528
4.421397
4.353060
4.680985
4.169410
4.854295
4.709386
4.459794
4.698707
4.382899
4.453736
4.673076
4.683409
4.456361
4.663621
4.784132
4.717280
4.476552
4.896276
4.477966
4.669043
4.457774
4.366589
4.665078
4.878794
4.870108
4.480995
4.671825
4.481196
4.481369
5
4.781099
4.664665
4.772827
4.470495
4.558868
4.691889
4.685411
4.698956
4.462995
4.697311
5
4.559676
4.559676
4.485437
4.788554
4.697311
4.486850
4.472686
5
4.488466
4.679324
4.491435
4.571943
4.797660
4.709035
4.490687
4.413266
4.694271
4.925194
4.591903
4.491898
4.588579
4.706629
4.583330
4.701178
4.590195
4.584339
4.781137
4.494725
4.494927
4.997955
4.675569
4.090703
4.586560
4.481399
4.361212
4.495936
4.786270
4.598798
4.772589
4.705014
4.475139
4.841622
4.495503
4.497350
4.795839
4.600817
4.606673
4.594435
4.327741
4.327741
4.327741
4.484427
4.327943
4.706629
4.782317
4.797051
4.500581
4.713293
4.656371
4.497522
4.603442
4.389001
4.275074
4.578080
4.501186
4.789378
4.799474
4.682434
4.578281
4.716119
4.753179
4.592618
4.502398
4.502398
4.502600
4.710869
4.767919
4.583333
4.503004
4.710869
4.710869
4.711273
4.503609
4.503407
4.770547
4.503609
4.801897
4.504013
4.489677
4.489677
4.503811
4.489677
4.504215
4.594435
4.504215
4.594435
4.504215
4.503609
4.504417
4.504417
4.504417
5
4.490485
4.502772
4.504821
4.482782
4.713090
4.505629
4.713494
4.596050
4.782715
4.785842
4.596252
4.505225
4.648294
4.506436
4.714706
4.597262
4.506234
4.395665
4.505195
4.597464
4.597464
4.694918
4.597464
4.508657
4.713263
4.507648
4.507850
4.716119
4.716119
4.716119
4.508254
4.716119
4.716119
4.716119
4.489071
4.808345
4.509263
4.507214
4.507214
4.507214
4.507214
4.507214
4.507214
4.794224
4.646851
4.603038
4.582724
4.493110
4.701379
4.494119
4.709860
4.710869
4.496946
4.498561
4.588983
4.797657
4.803714
4.726103
4.500985
4.501186
4.502196
4.504013
4.503004
4.503206
4.504417
4.505225
4.504821
4.713494
4.803714
4.595849
4.502772
4.714908
4.505397
4.716119
4.716119
4.716119
4.508254
4.506205
4.508657
4.507214
4.442317
4.798412
4.294699
4.679745
3.338191
4.702591
4.699764
4.452524
4.395121
4.501965
4.604823
4.969766
4.314415
4.471303
4.688659
4.564551
4.546349
4.690055
4.485639
4.776657
4.764144
4.483216
4.678159
4.684541
4.574012
4.948526
4.580099
4.548749
4.344763
4.679774
4.583531
4.569599
4.495735
4.704206
4.537240
4.561966
4.860144
1.843798
4.504417
4.499571
4.707840
4.597464
4.498360
4.349952
4.702170
4.502600
4.713696
4.503206
4.630708
4.503811
4.812198
4.504215
4.504215
4.504417
4.483620
4.580099
4.504215
4.505225
4.504619
4.712485
4.678316
4.506234
4.843155
4.507446
4.610105
4.715514
4.561381
4.597262
4.715917
4.506003
4.716119
4.508455
4.598877
4.507214
4.507214
4.489879
4.507214
4.801616
4.597384
4.552758
4.381808
4.497350
4.503745
5
4.497350
4.506032
4.590195
4.814127
4.692129
4.592618
4.522645
4.711071
4.515081
4.506638
4.332338
4.507042
4.716119
4.506840
4.536253
4.507214
4.871647
4.456361
4.800835
4.578616
4.294829
4.676901
4.377245
4.584922
4.354549
4.864217
4.570096
4.769792
4.755052
4.662005
4.647624
4.940326
4.669056
4.778679
4.478975
4.901757
4.896524
4.669274
4.583250
4.452691
4.733062
4.577676
4.700353
4.778841
4.756817
3.705904
4.491494
4.327741
4.792609
4.492908
4.493514
4.496340
4.492272
4.473494
4.800653
4.495331
4.496744
4.497148
4.483014
4.497350
4.573839
4.705418
4.561966
4.499167
4.485235
4.589791
4.589993
4.920536
4.481196
4.714302
4.679527
4.591608
4.578080
4.502196
4.837543
4.489677
4.503206
4.501157
4.503609
4.502802
4.503206
4.607077
4.504821
4.607278
4.504821
4.607884
4.755962
4.789378
4.577976
4.084271
4.586362
4.506436
4.505830
4.486850
4.506840
4.714908
4.507042
4.597262
4.507244
4.507446
4.507648
4.505599
4.583734
4.493514
4.578281
4.716119
4.508657
4.509061
4.488870
4.716119
4.716119
4.507214
4.507214
4.507214
4.944966
4.509263
4.493311
4.495735
4.474174
4.712889
4.501792
4.504013
4.507244
4.491090
4.507244
4.715312
4.480706
4.465154
4.715742
4.888012
4.876828
4.587233
4.453504
5
3.670625
4.864588
4.971196
4.560281
4.569977
4.457774
4.680784
4.563108
4.656660
4.557144
4.458898
4.656507
4.717507
3.317595
4.906348
4.483014
4.673111
4.486649
4.383550
4.557543
4.467003
2.918852
4.362319
4.747604
4.490687
4.386579
4.589589
5
4.974156
5
4.809474
4.362146
4.731649
5
4.652938
4.592416
4.705418
4.600009
4.872531
4.583195
4.504013
4.708043
4.708447
4.507042
4.709254
4.482004
4.501994
4.500349
4.592820
4.507214
4.503609
4.712889
4.505225
4.505225
4.506436
4.694918
4.507042
4.597464
4.770345
4.644660
4.753785
4.508657
4.507214
4.507214
4.508657
4.508657
4.916892
4.592214
4.502398
4.503609
4.606673
4.596050
4.927163
4.691283
4.592206
4.497350
4.479552
4.769537
4.504821
4.606957
4.507214
4.553618
4.470832
4.642161
4.143723
4.496110
4.488404
4.438996
4.231906
4.438966
4.319835
4.703714
4.522960
4.386866
3.662694
4.665842
4.480444
4.541907
3.220135
4.451184
4.442429
4.930758
4.790524
4.459188
4.305199
4.852137
4.649487
4.527815
4.636086
4.382121
4.430486
4.329959
4.465447
3.330720
4.537090
4.653929
4.463167
4.543962
3.681796
4.841220
4.469889
4.470697
4.683951
4.470697
4.395851
4.761115
4.761001
4.686841
4.361339
4.585673
4.781394
4.339502
4.681592
4.473927
4.660223
4.150661
4.470119
3.254461
4.667009
4.549817
4.236929
4.531972
4.656263
4.565359
4.454947
4.565763
4.476149
4.478571
4.401707
4.653096
4.475311
4.477158
4.457341
4.306742
4.736735
4.484024
4.476119
4.704794
4.686034
4.646758
3.233432
4.478774
4.477129
4.659617
4.492718
4.600769
4.479783
4.603019
4.475686
5
4.568560
4.562453
4.480389
4.690880
4.485407
4.367270
4.662444
4.371233
4.480965
4.690678
4.581284
4.489071
4.573436
4.691082
4.883961
4.483620
4.483821
4.586279
4.691687
4.691889
2.302360
4.484024
4.481975
4.731245
4.574445
4.478340
4.664867
4.574647
4.574849
4.690446
4.692697
4.692899
4.485033
4.485235
4.484600
4.783724
4.575656
4.693303
4.789782
4.795962
4.485639
4.576060
4.921574
4.693908
4.676789
4.853819
4.594759
4.841784
4.841784
4.667290
3.052182
4.751564
4.997631
4.737879
4.577070
4.556878
4.487254
4.487254
4.632662
4.487658
4.466659
4.653969
4.695928
4.578685
4.786551
4.590923
4.488466
4.488870
4.579089
4.867068
4.488667
4.501993
4.696735
4.561217
4.645871
4.428229
4.489677
4.792592
4.375751
4.495735
3.435276
4.490283
4.430076
4.580503
4.496744
3.346066
4.581310
4.698956
4.567378
4.699360
3.485905
4.491696
4.789782
4.699562
4.670289
4.492100
4.704795
4.492100
4.582522
4.790388
4.493110
4.589387
4.493110
4.493311
4.493311
4.701178
4.590002
4.500177
4.494119
4.596577
4.494523
4.708447
4.480591
4.494725
4.493080
4.495129
4.495129
4.591406
4.495533
3.356969
4.420485
4.495735
4.703600
4.583906
3.330922
4.600466
4.501792
4.586762
4.496139
4.658996
4.496139
4.319102
4.421797
4.496744
4.587166
4.496744
4.480561
4.794830
4.587368
4.496946
4.496946
4.496946
4.677386
4.629966
4.685024
4.710247
4.600009
4.497552
4.622457
4.600009
4.600009
4.588175
4.588175
4.498360
4.327741
4.327741
4.808683
4.327741
4.498561
4.504619
4.588983
4.706831
4.706831
4.707033
4.499167
4.499167
4.483186
4.499369
4.499369
4.499571
4.602231
4.499571
4.711445
4.499571
4.388194
4.499773
4.499773
4.707639
4.500177
4.608692
4.590396
4.500177
4.799070
4.589589
4.500581
4.480389
4.500782
4.500985
4.500985
4.477277
4.500985
4.589156
4.697698
4.603644
4.597464
4.501388
4.477681
4.501388
4.714083
4.603846
4.589761
4.501590
4.589761
4.501792
4.779888
4.604452
4.426946
4.592214
4.588268
4.479753
4.500147
4.563547
4.604856
4.500551
4.502600
4.696735
4.502802
4.605259
4.710668
4.710668
4.578887
4.710869
4.593224
4.503206
4.710869
4.503004
4.388875
4.488870
4.503407
4.503407
4.711071
4.503206
4.507214
4.605663
4.503407
4.801493
4.593627
4.509465
4.711475
4.660409
4.606269
4.503609
4.593829
4.924372
4.503811
4.711677
4.802099
4.656501
4.712081
4.427320
4.481975
4.504215
4.684655
4.757420
4.684857
4.504417
4.504619
4.490283
4.712485
4.504619
4.502772
4.685260
4.505023
4.712889
4.505023
4.712889
4.505023
4.505023
4.505023
4.505023
4.505023
4.595445
4.713090
4.713090
4.713090
4.505225
4.503176
4.595445
4.503378
4.803512
4.595646
4.789378
4.501590
4.505629
4.595849
4.595849
4.595849
4.595849
4.711445
4.595849
4.596050
4.596050
4.596050
4.505830
4.505830
4.505830
4.505830
4.596050
4.596050
4.505830
4.505830
4.596050
4.596050
4.505023
4.506032
4.503983
4.506032
4.506032
4.506234
4.506234
4.608692
4.506234
4.596454
4.597666
4.506436
4.506436
4.506436
4.596858
4.506638
4.596858
4.506638
4.121348
4.504791
4.506840
4.714908
4.505397
4.507042
4.597262
4.597262
4.597262
4.597262
4.583127
4.713090
4.507244
4.597464
4.505195
4.507244
4.505195
4.505195
4.597464
4.714100
4.597464
4.507244
4.597464
4.597464
4.597464
4.597464
4.597464
4.505397
4.505397
4.505397
4.713263
4.505397
4.507446
4.507648
4.507850
4.716119
4.715715
4.507850
4.507850
4.507850
3.362195
4.508051
4.508051
4.715917
4.715917
4.716119
4.715917
4.715917
4.716119
4.715917
4.715917
4.715917
4.716119
4.716119
4.716119
4.716119
4.716119
4.716119
4.716119
4.716119
4.716119
4.716119
4.716119
4.506205
4.716119
4.716119
4.506407
4.508657
4.508657
4.508657
4.508657
4.508657
4.598877
4.508657
4.598877
4.598877
4.508657
4.598877
4.506810
4.507214
4.507012
4.507012
4.507012
4.507012
4.507214
4.507214
4.507214
4.507214
4.507214
4.507214
4.570133
4.438238
4.592337
4.789728
4.506638
4.698149
4.716119
4.539113
4.492100
4.916497
4.804121
4.711257
4.505225
4.500782
4.602314
4.562479
4.506436
4.597262
4.508657
4.507214
4.509263
4.666014
4.582671
4.456966
4.464437
4.781222
4.262890
4.732347
4.322491
4.740256
4.572022
4.484024
4.485033
4.689223
4.576666
4.487254
4.487254
4.696533
4.696735
3.343007
4.484024
4.566172
4.581310
4.490859
4.597182
4.495533
4.496139
4.496542
4.497148
4.497754
4.493917
4.516420
4.498360
4.498965
4.499167
4.499975
4.499975
4.602836
4.504013
4.500985
4.506840
4.921343
4.709254
4.501590
4.592416
4.503004
4.503206
4.503407
4.505830
4.505629
4.506032
4.505830
4.507446
4.507042
4.507648
4.507648
4.507850
4.716119
4.716119
4.716119
4.716119
4.716119
4.716119
4.506205
4.506205
4.716119
4.716119
4.508657
4.508657
4.507012
4.507214
4.507214
4.507214
4.507214
4.507214
4.507214
4.553618
4.924883
4.452928
4.608285
4.542715
4.675736
4.468072
4.464437
4.482436
2.302360
4.405846
4.568195
4.473322
4.651136
4.470832
4.471303
3.679984
4.472282
4.478975
4.554865
4.479783
4.482610
4.642858
4.573839
4.574041
4.483821
4.692697
4.485235
4.665876
4.559676
4.486042
4.490051
4.560483
4.694514
4.950013
4.048985
4.695524
4.487860
4.642161
3.052182
4.591933
4.489879
4.489879
4.491090
4.491292
4.559676
4.699360
4.408332
4.491898
4.319835
4.802221
4.498158
4.492504
4.498764
4.595163
4.583127
4.586039
4.492302
4.848851
4.701178
4.684052
4.583734
4.494119
4.493917
4.492272
4.494321
4.702389
4.584945
4.792609
4.476552
4.571018
4.585752
4.496340
4.586762
4.496542
4.794830
4.511916
4.586964
4.143723
4.504013
4.498158
4.504215
4.327741
4.327741
4.327741
4.327741
4.327741
4.327741
4.328145
4.328145
4.328145
4.514137
4.590195
4.485033
4.346692
4.602028
4.499773
4.680212
4.500782
4.496110
4.500782
4.697698
4.697698
4.709052
4.501186
4.715514
4.487456
4.501994
4.507850
4.709860
4.501994
4.716119
4.716119
4.627303
4.592820
4.502802
4.561873
4.593021
4.488870
4.711071
4.503206
4.593425
4.503407
4.503407
4.481369
4.594031
4.697543
4.655383
4.592184
4.594435
4.606673
4.712081
4.594637
4.580503
4.504619
4.594839
4.504619
4.504821
4.595041
3.526505
4.505225
4.505225
4.803310
4.595445
4.713090
4.505225
4.579463
4.505830
4.711648
4.505830
4.505830
4.596252
4.506032
4.506234
4.506436
4.608692
4.608692
4.506234
4.714302
4.597867
4.596858
4.486446
4.504590
4.673347
4.597262
4.505397
4.505397
4.786147
4.579793
4.507850
4.579995
4.715917
4.598271
4.506003
4.715917
4.598271
4.506003
4.716119
4.506205
4.716119
4.716119
4.716119
4.508254
4.505397
4.508657
4.598877
4.508657
4.598877
4.508859
4.507012
4.507214
4.507214
4.507214
4.507214
4.507214
4.509263
4.507214
4.507214
4.507214
4.507214
4.564759
4.492100
4.802625
4.583330
4.591002
4.583098
4.488404
4.476596
4.438996
4.498965
4.499167
4.231906
4.501186
4.508657
4.438966
4.631123
4.715917
4.593224
4.501359
4.660207
4.703714
4.501965
4.594031
4.522960
4.502368
4.504821
4.429773
4.505427
4.506234
4.506436
4.507042
4.507042
4.507244
4.597464
4.549530
4.505397
4.386866
4.716119
4.508254
4.716119
4.716119
4.629128
4.507214
4.507214
3.662694
4.665842
4.468476
4.480444
4.541907
3.220135
4.451184
4.557607
4.442429
4.930758
4.790524
4.561039
4.459188
4.305199
4.553042
4.430486
4.852137
4.649487
4.527815
4.636086
4.149685
3.395302
4.382121
4.329959
4.465447
4.465447
4.542346
3.330720
4.537090
4.469254
4.653929
4.463167
4.543962
3.681796
4.841220
4.428823
4.562330
4.469889
4.469889
4.471101
4.470495
4.470697
4.683951
4.470697
4.395851
4.761115
4.761001
4.686438
4.471101
4.576789
4.686841
4.361339
4.585673
4.781394
4.339502
4.681592
4.473927
5
4.660223
4.150661
4.772013
4.470119
3.254461
4.667009
4.549817
4.236929
4.531972
4.455351
4.656263
4.665565
4.683005
4.565359
4.454947
4.565763
4.474937
4.566369
4.476149
4.774638
4.478571
4.401707
3.655625
4.653096
4.775042
4.475311
4.477158
4.457341
4.685226
4.306742
4.736735
4.484024
4.476119
4.704794
4.686034
4.646758
4.327741
3.233432
4.568590
4.478370
4.635372
4.478774
4.478774
4.477129
4.567348
4.659617
4.492718
4.600769
4.479783
4.603019
4.475686
4.687649
5
4.576272
4.479985
4.568560
4.782311
4.713786
4.562453
4.480389
4.571215
4.690880
4.485407
4.868059
4.367270
4.779484
4.571820
4.662444
4.571387
4.482408
4.482206
4.482408
4.482610
4.604709
4.371233
4.480965
3.426968
4.690678
4.581284
3.705657
4.489071
4.573839
4.573436
4.781301
4.691082
4.573637
4.883961
4.606856
4.483620
4.483620
4.483821
4.586279
4.691687
4.691889
4.484024
4.574445
4.481975
4.731245
4.574445
4.478340
4.664867
4.574647
4.574849
4.690446
4.490889
4.692697
4.683594
4.483388
4.692899
4.485033
4.485235
4.484600
4.485437
4.783724
4.575656
4.783523
4.693303
4.789782
4.795962
4.485639
4.589308
4.576060
4.921574
4.588500
4.693908
4.676789
4.853819
4.594759
4.841784
4.841784
4.667290
4.751564
4.784734
4.486649
4.997631
4.737879
4.577070
4.556878
4.488062
4.487254
4.487254
4.487254
4.632662
4.680133
4.487456
4.487658
4.466659
4.653969
4.695928
4.578685
4.786551
4.590923
4.488466
4.488870
4.579089
4.867068
4.501993
4.488667
4.488870
4.857185
4.696735
4.561217
4.645871
4.487225
4.495331
4.428229
4.489677
4.422101
4.792592
4.375751
4.489879
4.495735
3.435276
4.489879
4.490081
4.490081
4.697947
4.490283
4.430076
4.580503
4.592942
4.785029
4.566172
4.697745
4.304060
4.490687
4.496744
3.346066
4.581310
4.698956
4.567378
4.787531
4.559676
4.559676
4.559676
4.559676
4.491696
3.485905
4.896847
5
4.569007
4.394776
4.645717
5
4.895184
4.960046
4.564650
3.338999
4.217091
4.486857
5
4.515284
4.301914
5
5
4.997784
4.668467
4.687819
4.521490
4.530844
4.832338
4.626054
4.822423
4.973002
4.948123
4.485841
4.642035
4.690678
4.643247
4.699764
4.699158
4.699966
4.650516
4.908985
4.704287
4.709254
4.703600
4.497148
4.704812
4.801695
4.499975
4.505023
4.505225
4.509061
4.772364
4.977538
4.713293
4.476956
4.507042
4.597262
4.596252
4.487456
4.507214
4.507012
4.508657
4.574746
4.507042
4.507042
4.716119
4.486245
4.584137
4.505397
4.788267
4.830743
4.646428
4.429250
3.458990
4.745924
4.305450
4.777448
4.476754
4.482004
4.543759
4.718601
4.652131
4.585955
4.497350
4.497148
4.504215
4.590396
4.501792
4.502398
4.684655
4.622613
4.475543
4.171492
4.502802
4.607077
4.507042
4.508657
4.509061
4.507214
4.745904
4.298539
4.410841
3.786077
4.743745
4.126637
3.322845
3.095769
4.370516
3.766954
4.561384
4.554627
4.582846
4.658409
4.366791
4.353636
4.484225
4.321121
4.392015
4.489475
4.337808
4.489677
4.594439
4.600615
4.796849
4.705186
4.500177
4.502196
4.605865
4.520195
4.505427
4.506638
4.507244
4.597262
4.505397
4.716119
4.507446
4.716119
4.830482
4.678975
4.497754
4.706831
4.412016
4.275372
4.847624
5
4.926761
4.775996
4.409516
5
4.415888
2.081439
5
4.984164
4.670461
4.838814
4.934377
4.653495
4.222510
4.564551
4.708634
2.428800
4.564821
4.750363
4.649941
4.894084
4.269306
5
4.906526
4.653667
4.451628
4.450476
4.544158
4.543522
3.681033
3.467732
4.669274
4.777061
4.543232
4.481399
4.464235
3.316788
4.699272
4.470263
5
4.834727
4.555061
3.440728
5
4.490687
4.476956
4.723610
4.598798
4.829395
4.593144
4.860586
4.704160
4.560281
4.497552
4.563236
4.683766
4.568797
4.344097
4.913035
5
4.902363
4.867054
4.561493
4.498764
4.768990
4.798263
4.500782
4.501186
4.482206
4.713696
4.713898
4.505397
4.645206
4.705401
4.597262
4.507648
4.694686
4.508657
4.507214
4.795217
4.708648
4.798666
4.501994
4.503811
4.590195
4.692331
4.593224
4.608692
4.519993
4.571416
4.293203
4.893243
4.558066
4.676986
4.696533
4.486245
4.326398
4.491465
4.806664
4.708648
4.501590
4.593224
4.583333
4.801291
4.490283
4.504619
4.714100
4.506205
4.418630
4.506436
4.505397
4.507850
4.508657
4.507214
4.507214
4.591810
4.735074
4.982148
5
4.837036
4.505328
4.301692
4.725145
5
4.624247
4.957433
4.708960
4.718049
4.659784
4.660794
4.626689
4.509061
4.646679
4.482812
3.503472
4.494927
4.508657
4.502600
4.443313
4.918414
4.326205
4.693891
4.810325
4.796027
5
4.619189
3.496129
3.185824
4.721253
4.827124
4.462822
4.469284
4.583330
4.710465
4.476149
4.600615
4.502196
4.482206
4.711071
4.787864
4.660813
4.504821
4.868679
4.606673
4.565912
4.508657
4.507214
4.507214
4.788570
4.491898
4.602604
4.507446
4.393333
4.549134
4.857338
4.389063
4.559001
4.695102
4.701648
4.452495
3.465713
4.548857
4.453100
5
4.783724
4.578685
4.549557
4.468274
4.601606
4.473292
4.587540
4.502196
4.713090
4.801897
4.716119
4.506436
4.716119
4.633039
4.810461
5
5
4.468476
4.484831
4.507214
3.228380
4.347171
4.604420
4.483927
4.748169
4.631879
4.549934
4.868239
4.834974
2.038167
4.873287
4.533781
4.307146
4.697450
4.505337
4.691594
4.751215
4.772215
4.473292
4.482812
4.484427
4.327814
4.676986
4.328681
4.494725
4.764285
4.888649
4.578656
4.502196
4.699966
4.499167
4.501994
4.504619
4.502398
4.685166
4.507850
4.716119
4.504417
4.638969
4.503407
4.589589
4.301269
4.503378
4.501792
4.487860
4.506638
4.506234
4.649909
4.714504
4.595243
4.508657
4.597586
4.787561
4.507012
4.581310
4.488436
4.597464
4.598877
4.507850
3.354344
4.499369
4.502600
4.580827
4.622040
4.485437
4.633921
4.677386
4.602414
4.806746
4.710062
4.713090
4.508657
5
3.655657
4.438668
4.672256
4.512053
4.425265
4.926169
4.752234
4.664832
4.453938
5
4.651057
4.550821
4.465245
4.656164
4.748207
4.899940
4.841218
4.927198
4.548398
3.314768
4.405341
4.899940
4.281031
4.631535
4.367396
5
4.744295
4.688457
4.367568
4.694918
4.483014
4.679064
4.906199
4.083867
4.694110
4.907613
4.554088
4.706007
4.703382
4.787763
4.566166
4.491090
4.587772
4.704391
4.647053
4.594759
4.498965
4.709254
3.341846
4.705977
4.502196
4.586762
4.709439
4.765541
4.497754
4.469652
4.589791
4.499975
4.709052
4.715093
4.592820
4.592820
4.502802
4.503004
4.503206
4.801291
4.711879
4.793602
4.911853
4.595646
4.596252
4.579578
4.597262
4.597464
4.913872
4.507850
4.402447
4.508657
4.508657
4.507012
4.507214
4.495129
4.670521
4.586762
4.490889
4.493110
4.705418
4.712687
4.799272
4.504993
4.503004
4.597262
4.505599
4.722744
4.518012
5
5
4.961328
4.844570
4.811473
4.534071
4.799381
4.531156
4.792362
5
4.761295
3.458242
4.656386
4.790371
4.677104
4.325229
4.647487
4.667909
4.592923
4.586766
4.650803
4.838766
4.490283
5
4.594932
4.688412
4.496139
4.677184
4.498561
4.499571
4.498532
4.503811
4.504013
4.596252
4.507214
4.761461
4.356135
2.442285
4.334650
4.496542
4.501590
4.606067
4.505225
4.505225
4.716119
4.677464
4.507012
4.509263
4.507214
4.094598
4.637590
4.622367
4.510788
4.646369
4.101836
2.411124
1.679421
4.611505
3.396501
4.916756
2.458805
4.358799
4.662170
4.554718
4.998511
4.687771
4.487389
3.127971
4.281880
4.561171
4.541340
4.845843
4.751401
4.603981
4.592363
5
4.411618
4.839911
4.425206
5
4.542542
4.904381
4.769309
4.814217
4.551426
4.729753
4.947808
3.393075
4.455957
4.411930
4.854560
4.461812
3.635747
4.936049
4.838609
4.555184
4.874516
4.653697
4.469485
4.851654
4.687649
4.561926
4.720140
5
4.563714
4.480793
4.474100
4.570407
3.610010
4.460167
4.684620
4.547388
3.338797
4.691485
4.481975
4.804578
3.933239
4.668854
3.168875
4.485841
4.660626
4.695103
4.758455
4.489475
4.484427
4.484831
4.334607
4.628507
4.485639
4.485841
4.934631
4.576262
4.694110
4.735283
4.590116
4.584541
4.924169
4.773028
3.341796
4.644834
4.703802
4.580301
4.490687
3.321776
4.593144
4.585242
4.561926
4.594558
3.400926
4.492302
4.837987
4.492504
4.672944
4.790792
4.790589
4.790993
4.500177
4.636381
4.684170
4.499975
4.709052
4.494119
4.500379
4.708850
4.593346
4.754386
4.704004
4.705014
4.566166
4.776958
4.502802
4.497754
4.497956
4.498360
4.600817
4.568791
4.871233
4.601221
4.498764
4.591406
4.499167
4.499369
4.505830
4.693488
4.338082
4.507446
4.591810
4.592214
4.501994
4.710264
4.710264
4.782611
4.508657
4.562479
4.593627
4.421659
4.605663
4.392636
4.504417
4.504013
4.504821
4.505225
4.713293
4.828936
4.596050
4.505830
4.608692
4.714706
4.507244
4.507648
4.504993
4.715917
4.716119
4.508455
4.508657
4.102705
4.598877
4.508657
4.487456
4.798991
4.492100
4.716119
4.509061
4.507214
4.670924
4.702746
4.507214
4.492302
4.489475
4.739322
4.494725
4.702793
4.763682
4.808481
4.711475
4.500177
4.506840
4.500782
4.499340
4.716119
4.505427
4.505427
4.596656
4.506840
4.597464
4.507244
4.506205
3.448716
4.364493
4.411304
4.728171
4.656069
4.962821
4.725976
4.449697
4.442340
4.572420
4.932417
4.432707
4.541049
3.470761
4.441015
4.650092
4.441532
4.370409
3.300979
4.442429
4.653293
5
4.448486
4.586150
4.825307
4.516644
4.454947
5
3.571888
4.567885
4.856785
4.766158
4.463802
4.661557
4.792915
4.568590
4.510705
4.502196
4.497350
4.485235
4.480187
4.710062
4.564095
4.491898
4.597262
4.716119
4.801010
4.583734
4.494523
4.702793
4.494927
4.592416
4.587338
4.505830
4.502398
4.504013
4.504215
4.595041
4.505629
4.595849
4.506638
4.507214
4.497552
5
4.395121
4.354549
4.583250
4.493514
4.495331
4.573839
4.589791
4.714302
1.843798
4.630708
4.586362
4.714908
4.561381
4.501965
4.503745
4.814127
4.522645
4.515081
4.604823
4.332338
4.536253
4.871647
4.456361
4.800835
4.969766
4.578616
4.314415
4.294829
4.676901
4.377245
4.584922
4.864217
4.471303
4.570096
4.769792
4.755052
4.688659
4.564551
4.662005
4.647624
4.940326
4.546349
4.669056
4.778679
4.690055
4.478975
4.485639
4.776657
4.901757
4.764144
4.896524
4.669274
4.452691
4.483216
4.678159
4.684541
4.574012
4.733062
4.577676
4.700353
4.948526
4.778841
4.580099
4.548749
4.756817
4.344763
4.679774
3.705904
4.491494
4.327741
4.792609
4.492908
4.583531
4.496340
4.492272
4.473494
4.569599
4.495735
4.800653
4.496744
4.497148
4.483014
4.704206
4.497350
4.705418
4.537240
4.561966
4.561966
4.860144
4.504417
4.499167
4.485235
4.499571
4.589993
4.707840
4.920536
4.481196
4.679527
4.597464
4.498360
4.591608
4.349952
4.578080
4.502196
4.837543
4.702170
4.502600
4.713696
4.489677
4.503206
4.503206
4.501157
4.503609
4.503811
4.502802
4.812198
4.504215
4.503206
4.504215
4.504417
4.483620
4.607077
4.504821
4.607278
4.504821
4.580099
4.504215
4.607884
4.505225
4.755962
4.789378
4.504619
4.712485
4.678316
4.577976
4.084271
4.506234
4.506436
4.843155
4.505830
4.486850
4.506840
4.507042
4.597262
4.507244
4.507446
4.507446
4.507648
4.505599
4.610105
4.715514
4.583734
4.493514
4.597262
4.715917
4.506003
4.578281
4.716119
4.716119
4.508455
4.598877
4.508657
4.509061
4.488870
4.716119
4.716119
4.507214
4.507214
4.507214
4.507214
4.507214
4.489879
4.944966
4.507214
4.509263
4.801616
4.493311
4.495735
4.491090
4.597384
4.474174
4.552758
4.381808
4.497350
4.497350
4.712889
4.506032
4.590195
4.692129
4.501792
4.592618
4.711071
4.504013
4.506638
4.507042
4.507244
4.507244
4.716119
4.506840
4.715312
4.507214
4.793198
3.205969
4.836651
4.486552
4.966131
4.281876
4.535983
4.641410
4.460601
1.787493
4.637372
4.593373
4.884620
4.641369
4.566256
4.858345
4.458178
4.822172
4.512275
4.269782
4.713476
4.463398
4.678066
4.445905
4.920059
4.647630
4.719736
4.766520
4.838391
4.598577
4.477158
4.566974
4.422403
4.585673
4.777061
5
4.314891
4.694093
4.694093
4.689466
3.518429
3.415005
4.372258
4.941901
4.794631
4.473524
4.647655
4.578281
4.709439
4.700370
4.551374
4.758631
4.596779
4.584743
4.571539
4.793214
4.703197
4.618971
4.656588
3.699802
4.365983
4.599285
4.711879
4.807352
4.499773
4.590599
4.768121
4.795541
4.503609
4.476956
4.504215
4.502398
4.502368
4.595646
4.505629
4.596050
4.608490
4.506840
4.506840
4.597262
4.507446
4.505397
4.716119
4.508455
4.507042
4.507214
4.507214
4.507214
4.608692
4.716119
4.490889
4.598877
4.777361
4.506436
4.497148
4.497552
4.711273
4.505023
4.769359
4.500985
4.504013
4.504417
4.698956
4.854100
4.132206
3.984670
4.442429
4.579991
4.647244
4.465014
4.558090
4.748544
4.470495
4.464408
4.458754
4.784423
4.576872
4.495219
4.570377
4.399448
4.700774
4.666251
4.453938
4.317534
4.584541
4.469456
4.597182
4.500782
4.483014
4.600009
4.707033
4.681424
4.501792
4.503206
4.480763
4.503206
4.562076
4.797455
4.716119
4.498734
4.443604
4.684453
4.504215
4.373252
4.505023
4.505023
4.573204
4.873540
4.795760
4.595849
4.594839
4.506638
4.507042
4.506840
4.484801
4.700774
4.793189
4.505195
4.715514
4.487456
4.508051
4.506205
4.716119
4.508657
4.598877
4.506810
4.509263
4.703197
4.505629
4.698350
4.794409
4.672540
4.672540
4.791195
4.587974
4.596050
4.710062
4.502600
4.355606
4.507042
4.508859
4.507214
4.503004
4.954246
4.653323
4.756269
4.739452
4.590721
4.585743
4.343087
4.674155
4.703197
4.703399
4.596660
4.601221
4.591204
4.709456
4.714285
4.504619
4.504821
4.708850
4.503176
4.503176
4.713898
4.714706
4.714908
4.507042
4.507042
4.507042
4.507244
4.507648
4.508657
4.508657
4.597464
4.595646
4.507446
4.805856
4.506205
4.585752
4.502772
4.878150
4.674322
4.478370
4.582443
4.299885
4.696735
4.562734
4.787763
4.582118
4.651871
4.498532
4.499975
4.499571
4.503206
4.602302
4.503004
4.594435
4.504619
4.715917
4.504215
4.505225
4.503206
5
5
4.728141
4.578484
4.341140
3.370318
4.427285
4.292406
4.528206
4.471706
4.479379
4.970748
4.582846
4.932699
4.429880
4.672647
4.475029
3.430430
4.588500
4.429471
4.698553
4.581714
4.491494
4.580827
4.856757
4.493514
4.584339
4.496139
4.497552
4.504013
4.497956
4.588781
4.798060
4.506234
4.500379
4.592416
4.768121
4.503004
4.501561
4.503609
4.504013
4.502368
4.711677
4.504821
4.505225
4.505427
4.505225
4.608692
4.506436
4.503811
4.597262
4.597262
4.597262
4.507244
4.507648
4.695524
4.716119
4.715917
4.716119
4.716119
4.508455
4.508455
4.598877
4.508657
4.508657
4.507214
4.507214
4.507214
4.507214
4.507214
4.507214
4.507214
4.507214
4.507214
4.507214
4.507214
4.598877
4.779271
4.591810
4.498561
4.501186
4.502398
4.684453
4.595849
4.716119
4.507214
4.388006
4.970761
4.520823
4.237033
4.672637
4.372447
4.613735
4.866935
4.793014
4.850041
5
4.477629
4.751725
4.448890
4.344775
4.440005
4.457745
4.493917
4.608270
4.450714
5
3.840304
4.428870
4.754404
4.586499
4.137478
2.240377
4.846282
4.753037
4.678748
4.412106
4.445107
4.535827
4.453677
4.873413
3.544020
4.464610
3.522012
4.018459
4.627316
4.447009
4.684216
4.547994
4.544307
4.534875
4.784969
4.467466
3.093108
4.464841
3.585186
4.544769
4.692899
4.783320
4.886816
4.486850
4.501298
3.507699
4.467264
4.678314
4.678516
4.588089
4.748412
4.314861
4.572631
4.391570
4.719736
3.529947
4.472918
4.707437
4.585955
4.494321
4.494321
4.597332
4.772821
4.711273
4.567378
4.567580
4.482782
4.477966
4.435902
4.962441
4.498965
4.712468
4.708447
4.571215
4.519650
4.783119
4.861633
4.507214
4.503206
4.696287
4.694956
4.504417
4.631468
4.574647
4.797845
4.713293
4.505225
4.505830
4.506234
4.586249
4.486245
4.698523
3.373505
4.907209
4.597464
4.597464
4.446835
4.624950
4.598473
4.487022
4.507214
4.509465
4.565364
5
4.496340
4.491696
4.573441
4.419410
4.411102
4.596660
4.592214
4.768323
4.606471
4.684453
5
4.427083
4.499773
4.498965
4.500379
2.219605
4.503004
4.503206
4.684857
4.505830
4.504821
4.514446
4.505427
3.396748
4.505629
2.084737
4.414002
4.889624
4.950566
4.790960
3.800704
4.579995
5
4.465447
4.551915
3.153236
4.438188
4.438360
4.728816
4.458148
4.804479
4.766562
4.267891
5
4.773410
3.410440
4.649243
4.528818
5
4.752612
4.541301
4.661959
5
4.722101
4.821603
4.474130
4.686824
3.675340
4.232868
4.452697
4.872652
3.309691
4.455149
4.977847
5
5
5
4.667457
4.402700
3.416905
4.758455
4.458380
4.676901
4.820551
4.427855
4.569973
4.465043
4.574849
4.483821
4.761513
3.398272
4.695881
4.482580
4.599197
4.784532
4.679555
4.423506
4.702591
4.475543
4.958119
4.547309
4.557918
4.572317
4.595365
4.765914
4.497118
4.777263
4.563340
4.888793
4.499975
4.594640
3.332911
4.474735
3.331931
4.475745
4.688023
5
4.567176
4.943729
4.587772
4.483620
4.862305
4.627863
4.388396
4.689668
4.500379
4.793055
4.501792
4.716119
4.861633
4.619108
4.489879
5
4.503206
4.716304
4.802099
4.580705
4.576967
4.595849
3.345460
4.489677
4.505427
4.789782
4.485639
4.507042
4.491898
4.608692
4.714706
4.507042
4.507850
4.625192
4.693504
4.999448
4.507214
4.507214
4.506638
4.697543
4.592942
4.497148
4.700572
4.496916
4.790993
4.710062
4.810768
4.383423
4.503811
4.497956
4.498360
4.499167
4.679809
3.322802
4.496512
4.577076
4.502398
4.502600
4.594031
4.504417
4.595243
4.595849
4.507042
4.507244
4.356212
4.773371
4.358231
4.507214
4.507214
4.489273
4.697543
4.572800
4.607077
4.408881
4.341712
4.899410
4.577477
4.491898
4.776455
4.497956
4.498360
4.499571
4.602836
4.504821
4.714706
4.714706
4.507042
4.716119
4.716119
4.508657
4.507214
4.491898
4.483216
4.575253
4.491696
4.428158
4.507214
4.491667
1.648238
3.312088
5
4.534845
4.540268
4.320472
4.765511
1.970261
4.226258
0.906296
4.472485
4.916704
4.723700
4.318049
4.224080
4.496946
4.803433
4.551374
3.318172
4.471909
4.582522
4.997148
4.494927
4.748610
4.496340
4.566772
4.498158
4.730847
3.572092
3.456811
4.505023
4.571018
4.499571
4.575258
4.501388
4.592012
4.561873
4.504821
4.504821
4.698078
4.714908
4.509263
4.716119
4.507214
4.507214
4.649708
4.508455
3.978913
5
4.960969
4.757922
4.544760
5
4.695599
4.705119
5
4.755456
4.339839
4.963087
4.465649
4.724271
4.452234
4.833747
4.858198
4.664312
4.689668
4.715177
4.586884
5
4.700555
4.591731
4.698956
4.493514
4.584541
5
4.556018
4.744168
4.842430
4.388597
4.571795
4.499773
4.500177
4.501388
4.501994
4.801695
4.786333
4.712485
4.502974
4.505629
4.564701
4.597464
4.507446
4.507648
4.715917
4.507214
4.507214
4.507214
4.904197
4.794830
5
4.281395
4.461698
4.535568
4.972467
4.544191
4.820989
4.020079
5
4.149935
4.614536
3.316182
4.918225
4.483821
4.333395
4.805286
4.506464
4.588175
4.600817
4.236353
4.476523
4.473435
5
4.658996
4.505830
4.507244
4.487860
4.560006
4.716119
4.508657
4.491292
4.604332
4.595849
4.507042
4.507446
4.773169
4.456840
4.924431
4.455119
4.908315
4.690853
4.558292
3.434135
4.504989
4.509630
4.659707
4.675517
4.537868
4.773751
4.562330
4.471505
4.575055
4.726601
4.456361
4.483821
4.786147
4.570407
4.489071
4.793337
4.574243
4.702574
4.772602
4.554859
4.583330
4.829542
4.586358
4.701178
4.913267
4.499571
4.495936
4.596779
4.710668
4.497552
4.501792
4.594005
2.221646
4.564902
4.761923
4.499167
4.591002
4.500782
4.503206
4.504619
4.712687
4.505629
4.062481
4.713898
4.597464
4.597666
4.505801
4.716119
4.716119
4.716119
4.716119
4.508657
4.578887
4.508657
4.509061
4.509061
4.507214
4.755602
4.583734
4.506436
4.339251
4.707671
3.446104
4.635998
4.735010
4.958656
4.813888
4.956572
4.845783
4.567527
3.778218
4.477855
4.412658
4.674230
4.389153
4.712162
4.807269
4.501359
4.503811
4.579592
4.507244
4.507214
4.755804
4.649072
4.685832
4.641227
5
4.488870
4.486042
3.354748
4.499975
4.803714
4.507244
4.507214
4.893991
4.428698
4.454917
4.462822
4.757677
4.876922
4.757677
4.864375
2.318359
4.365231
4.679168
4.769775
4.470091
4.464378
4.559907
4.992721
4.469860
4.561695
4.621990
4.477099
4.567378
4.574041
4.774003
4.569599
4.570003
4.483014
4.746718
4.481600
4.557888
4.909464
4.672647
4.672647
4.573637
4.872127
4.482206
4.687994
4.755524
4.485639
4.556736
4.549384
4.486245
4.486245
4.784532
4.679326
4.789563
4.587663
4.695120
4.653560
4.675938
4.518500
4.578484
4.590923
4.353211
4.487225
4.579695
4.699966
4.722273
4.788974
4.581109
3.436891
4.430884
4.703988
4.762154
4.795638
4.699764
4.492504
4.913064
4.700774
4.487801
4.595365
4.583127
4.490859
4.673549
4.882021
4.535563
4.508888
4.706612
4.493917
4.494119
4.494523
4.494725
4.494725
4.589156
4.585752
4.598192
4.495936
4.493888
4.704206
4.586560
4.794628
4.496744
4.497148
4.169431
4.498764
4.504215
4.499167
4.497320
4.499571
4.499975
4.499975
4.500379
4.498330
4.506638
4.500782
4.446633
4.507446
4.591406
4.709052
4.507648
4.478946
4.351366
3.704648
4.715917
4.337029
4.502196
4.767313
4.716119
4.502398
4.502600
4.502600
4.598877
4.592820
4.605259
4.503004
4.593224
4.503004
4.352577
4.507214
4.503206
4.502398
4.503407
4.605865
4.503609
4.711475
4.503609
4.337000
4.606471
4.504013
4.504013
4.504215
4.444211
4.850435
4.717314
4.807735
4.592790
4.592790
4.595041
4.803108
4.900563
4.595243
4.505023
4.595849
4.503176
4.505629
4.505427
4.445018
4.595849
4.505629
4.596050
4.596050
4.506032
4.524699
4.506234
4.355808
4.506638
4.504387
4.506638
4.506638
4.596858
4.506840
4.803108
4.596252
4.507042
4.597262
4.597464
4.507244
2.979704
4.505397
4.597464
4.597464
4.597464
4.505397
4.505599
4.507648
4.505599
4.505599
4.507648
4.355172
4.715917
4.716119
4.506205
4.786349
4.716119
4.716119
4.716119
4.508254
4.508455
4.508657
4.598877
4.508657
4.508657
4.506608
4.507012
4.597464
4.507214
4.507214
4.507214
4.507214
4.507214
4.507214
4.507214
4.507214
4.507214
4.507214
4.507214
4.507214
4.507214
4.507214
4.489042
3.346873
4.563842
4.340836
4.498158
4.707437
4.593224
4.503609
4.683241
4.507214
4.596050
4.093963
4.505023
4.711648
4.595849
4.506205
4.597464
4.508657
4.358231
4.509263
4.507214
5
4.911227
4.903180
4.377868
4.698289
4.627316
4.634766
3.946327
4.476725
4.760908
4.498420
4.482812
4.693534
4.466097
4.694110
4.490455
4.729836
4.686594
4.676427
2.549699
4.859997
4.495129
4.496946
4.705014
4.706023
4.499369
4.499773
4.501590
4.697341
4.481369
4.584432
4.594759
4.505629
4.506638
4.714504
4.716119
4.598877
4.507214
4.507214
4.507214
4.699330
4.808160
4.502196
4.716119
4.717582
4.963042
4.571549
4.798863
4.878704
5
4.527257
4.672940
4.466197
3.864147
4.289156
4.799809
5
4.885355
4.672383
5
4.744023
4.859313
4.842542
4.502738
4.826073
4.715619
4.664614
4.440956
4.668450
5
4.349770
5
4.854855
4.663389
4.850505
4.346195
4.459995
4.468880
4.653508
4.550611
4.563231
4.464437
4.752988
4.631417
4.736824
4.401385
4.618934
5
5
4.692478
5
4.541227
4.541227
4.815025
4.901297
4.453534
4.693286
4.463832
4.566166
4.987737
4.162548
4.956791
5
4.685630
5
4.842834
4.460211
4.945959
4.637997
5
4.794615
4.641396
4.558090
4.818631
4.579291
4.728187
4.800000
4.859778
4.468850
4.704593
4.841403
4.737273
4.698939
4.694110
4.855104
4.706814
4.863614
4.638161
4.882610
4.610983
4.580301
4.578025
5
4.592942
5
4.841777
4.958350
4.789984
4.584339
4.582724
4.601019
4.493110
5
4.591204
4.702793
4.494927
4.495129
4.708026
4.604048
4.585752
4.493686
4.493686
5
4.708833
4.884646
4.741441
4.786674
4.503206
4.599606
4.503206
4.482004
4.503004
4.710650
4.601019
4.498764
4.601624
4.707235
4.900546
4.608490
4.497926
4.657381
4.500581
4.499975
4.591406
4.574543
4.658188
4.591608
4.714083
4.591810
4.503206
4.716119
4.502600
4.501994
4.503004
4.605663
4.507214
4.909632
4.896542
4.711475
4.709628
4.742877
4.802099
4.802301
4.594637
4.504619
4.504821
4.505023
4.504821
4.504821
4.504821
4.712889
4.491090
4.595445
4.945976
4.699142
4.505427
4.595849
4.803714
4.564701
4.505830
4.714302
4.506638
4.597262
4.505801
4.716119
4.914680
4.716119
4.716119
4.505599
4.508657
4.593829
4.598877
4.508657
4.508657
4.508859
4.507214
4.507214
4.595646
4.450214
4.706023
4.795217
4.507594
4.592618
4.797408
4.593021
4.504013
4.595849
4.681222
4.602432
4.708648
4.708447
4.505397
4.716304
4.504013
4.772162
4.713090
4.713696
4.507648
3.511197
4.689777
4.586418
4.605336
5
3.705597
4.895236
4.746369
4.648044
4.017226
4.938401
4.677120
4.429391
4.574445
4.581688
5
4.482580
4.486821
4.586762
4.763881
4.786449
4.590195
4.589559
4.503004
4.504821
4.506436
4.505397
4.506205
4.507012
4.574849
4.819336
4.488840
4.491494
4.802625
4.506436
4.507850
4.509061
4.479775
4.409503
4.480202
4.645366
5
4.384525
4.345327
3.567714
4.259464
3.122481
4.980556
4.722031
5
4.949310
4.480934
4.735545
4.302726
4.437179
4.422056
3.257276
4.833595
4.960471
4.476416
4.531530
4.662796
4.436573
4.758485
4.612512
2.211689
4.535048
3.631084
4.554973
4.464206
4.779809
4.657362
4.654297
4.450909
4.754452
4.553741
4.453332
3.870360
4.772619
4.738097
3.310889
4.792389
4.680206
4.662581
4.464408
4.949597
3.308883
4.940322
4.675736
4.674556
4.465851
4.699764
4.828579
4.797174
4.783566
5
4.481399
4.883803
4.488264
4.676342
5
4.593952
4.491090
4.191335
5
4.739726
3.322180
4.583531
4.632343
3.331931
4.474130
4.657598
4.842026
4.783621
4.762871
4.843641
4.606874
4.797657
4.900701
4.506436
4.503407
4.711071
4.504215
4.504417
4.661823
4.491292
4.505225
4.505225
4.505629
4.586754
4.714908
4.505397
4.715312
4.507446
4.508657
4.494523
4.507214
4.507214
4.508657
4.492100
4.676780
4.679809
4.716119
4.592618
4.509263
4.505023
4.713293
4.508657
4.508657
4.507214
4.316864
4.691550
4.823558
4.688367
4.529590
4.443438
3.823520
3.427800
4.443167
4.447880
4.597182
4.582724
4.615647
4.497956
4.505830
4.504993
4.697543
4.533865
4.480187
3.677378
4.508859
4.701148
4.568768
